Al: 532.1939764430573
C: 240.92569121754718
Ca: 1016.0728796926144
Cd: 1661.3359005259506
Ce: 6550.833866044124
Cr: 2375.8724900522348
Ga: 3776.467887539868
H: 12.529435185433911
In: 1966.404098636422
La: 6228.332104790124
Mg: 454.45109873196554
Mn: 2861.6116999911433
Mo: 1854.418819979941
O: 560.262905452631
Sc: 1242.0579331774873
Sn: 2215.0772164384866
Ti: 1613.2239942892752
V: 1964.3759061455557
Y: 1182.6684102306278
Zn: 6277.49945051715
Zr: 1334.1427001402299
