Al: 533.1485295546125
C: 241.75767240509094
Ca: 1016.5178295919334
Cd: 1661.8441759766574
Ce: 6551.895045848589
Cr: 2378.932785322538
Ga: 3777.3467785025623
H: 12.595198523302862
In: 1967.357015838973
La: 6228.942286876636
Mg: 455.05356493756494
Mn: 2864.2794976663363
Mo: 1859.0799263107513
O: 560.2682188984489
Sc: 1243.0446587093904
Sn: 2216.224985334772
Ti: 1614.1770003316071
V: 1966.8254076707622
Y: 1183.6248675571899
Zn: 6277.52293579429
Zr: 1335.474780923488
