Al: 533.6556554539775
C: 241.27283036055064
Ca: 1017.3273183679268
Cd: 1662.856528900095
Ce: 6553.092133595096
Cr: 2378.356628123342
Ga: 3777.844772703438
H: 12.470616695951541
In: 1967.8516444586821
La: 6230.282571540833
Mg: 455.77353022812866
Mn: 2864.5812071993787
Mo: 1855.459171646572
O: 560.7708643001827
Sc: 1243.4885398955464
Sn: 2216.726824854229
Ti: 1614.7762979672875
V: 1964.81017921575
Y: 1183.8410352025057
Zn: 6278.433394031608
Zr: 1335.4142521400313
