Al: 532.1497187024219
Ca: 1016.0352163990938
Cd: 1661.2982372324248
Ce: 6550.780329159567
Cr: 2375.829639800369
Ga: 3776.439475102326
In: 1966.3602106948167
La: 6228.283787664698
Mg: 454.4134354384403
Mn: 2861.5679794371395
Mo: 1854.3638439727213
O: 560.2921206570039
Sc: 1242.0140452358796
Sn: 2215.0187860297483
Ti: 1613.1807879195414
V: 1964.3318796689668
Y: 1182.6245222890198
Zn: 6277.455028752293
Zr: 1334.0837457492403
