Al: 4591688289.571289
C: 6676700188.02504
Ca: 2039401774.9405394
Cd: 2520277393.631584
Ce: 4151139787.434517
Cr: 4614035137.0485735
Ga: 3519320713.7496486
H: -1948682563.6394196
In: 4096419032.3022146
La: 3273485014.127739
Mg: 2327188521.210191
Mn: 4740283538.027722
Mo: 6086337380.748944
O: -2773355163.9263744
Sc: 4438961229.945455
Sn: -44656339.44149513
Ti: 3576530989.199026
V: 4356307590.901064
Y: 3889467952.762284
Zn: -2039274640.348704
Zr: 5682347214.076364
