Al: 537.538197349414
C: 245.06762551925232
Ca: 1022.2327140357688
Cd: 1667.8957709717677
Ce: 6561.728003585924
Cr: 2383.2018662959867
Ga: 3788.9530987782705
H: 12.317368094096445
In: 1971.9825316777417
La: 6250.935315743459
Mg: 465.3509518161686
Mn: 2869.0296733859027
Mo: 1865.2556711756192
O: 557.7883097220139
Sc: 1248.7703890183632
Sn: 2227.2802779363337
Ti: 1619.0204291031007
V: 1971.111941770512
Y: 1188.7323056051978
Zn: 6310.233931143719
Zr: 1339.7745661960712
